3.458273379549453019e-01
-2.487239034913067692e-02
-2.188246389556745553e-01
2.239983499903592384e-02
-2.977985673389228483e-01
6.325295906545252977e-01
5.326123941697884501e-01
-1.664381100342537112e-01
2.752189692567441059e-01
8.510193502832170964e-02
8.274339368194662259e-02
-2.400134556508051395e-02
5.600271960544599414e-01
4.845160006701608735e-01
2.210038355258392151e-01
-3.300133817214621068e-01
1.969636889270141300e-01
-2.284683470699137020e-01
3.285590745346347319e-01
2.299446011583395344e-01
4.749769889317801974e-01
2.922357097749160859e-01
-3.352423200298187411e-01
-7.842079061319567890e-02
8.076632510614681348e-02
-3.713415762705162271e-01
4.185472684028941348e-01
1.273714339927819461e-01
1.761495063421972262e-02
-8.380009734088669782e-02
-1.532648083690043850e-01
1.615534834405779260e-02
-2.211237020059642899e-01
-3.842074305243873417e-02
-1.186209835556426007e-01
-7.720135751969680049e-01
6.645029010336366004e-02
4.678400019393699066e-02
1.099020068518108406e-01
-6.110212070372145893e-02
4.632476077050143859e-01
5.519535893876056226e-02
-3.729216111814045442e-01
-1.513780015338987428e-01
1.088564085718440322e-01
6.044741148616088466e-01
-2.491053904481067283e-01
-2.781896764842992642e-01
-1.641358313509051481e-01
5.880287324658834552e-02
4.321415782917802095e-02
-3.178938014740448903e-01
-3.310636218239423334e-01
-4.389852602724214070e-01
-1.759677026151584556e-01
8.470371537762580449e-02
1.571501027172774456e-01
-2.181310276687154770e-01
2.069989656826443647e-01
-2.597552125655866462e-01
-2.993906755485933324e-01
-1.349299770489595721e-03
2.955583129198763870e-01
-2.744725625534330526e-01
-5.441460779665410197e-01
-4.061901986004040621e-01
2.472332457826127428e-01
-3.223240042087449075e-01
2.429260261143537658e-01
9.667704227294199315e-02
-5.713647341878790309e-01
2.699458770710209121e-01
4.939721207680523030e-01
3.406792388891646262e-01
4.585953165407711252e-01
6.866824377320879247e-02
6.489365253274403944e-02
1.916697136332642382e-01
3.031666171430807966e-01
-5.683930548201667765e-01
5.691828690279798764e-01
-6.225145993996105132e-01
-2.273667107157142653e-01
4.441256113362266889e-01
-1.782110867308519531e-01
5.056659506928291581e-01
5.279421432207328513e-01
-2.736520166773404594e-01
-3.685977460396681060e-01
3.916177620197976439e-01
6.386520691532862615e-02
-3.008769906828660523e-01
2.176998775605875069e-01
-1.390239233053118806e-01
1.556388450133113499e-01
1.456593985052444529e-01
-1.943384170598144722e-02
1.954830713694113431e-01
4.238933412028009218e-01
2.804939803712610535e-01
-8.029563167651401767e-02
-5.564108083619202505e-01
7.182943810292748976e-01
2.168550497269760291e-01
-1.672116087951558971e-01
-2.922192922607779741e-01
2.124895486358144292e-01
-2.198315448776966829e-01
-4.746295131566952846e-02
-1.928345276624693905e-01
5.069651731827063967e-01
-3.583397945282204566e-01
