5.466666666666666341e-01
6.333333333333333037e-01
7.600000000000000089e-01
7.733333333333333171e-01
7.266666666666666829e-01
8.666666666666666963e-01
8.599999999999999867e-01
8.399999999999999689e-01
8.466666666666666785e-01
8.666666666666666963e-01
8.399999999999999689e-01
8.399999999999999689e-01
8.399999999999999689e-01
8.199999999999999512e-01
8.866666666666667140e-01
8.800000000000000044e-01
9.466666666666666563e-01
8.866666666666667140e-01
9.533333333333333659e-01
9.666666666666666741e-01
9.533333333333333659e-01
9.399999999999999467e-01
9.733333333333333837e-01
9.266666666666666385e-01
9.399999999999999467e-01
9.666666666666666741e-01
9.599999999999999645e-01
9.599999999999999645e-01
9.733333333333333837e-01
9.533333333333333659e-01
