-2.168282118511554446e-01
8.200689306592189032e-02
-6.535248817307044711e-02
-9.888453037466979345e-02
-4.656988312426725563e-02
-9.719395392405894007e-02
-7.094251923075713118e-02
5.120024877215353376e-01
2.042253093923181440e-01
2.103082742131076877e-01
1.088372656800109528e-01
2.452368449790683080e-01
1.024123929867752220e-01
-3.872065310813846417e-02
-2.961238500439823396e-01
4.115088141590620419e-01
-2.356948859601647739e-01
-3.300538866762648404e-01
5.085017501316543287e-01
1.934692530208485250e-01
-3.620004750829439732e-01
-3.413837574068005476e-01
1.982299308459873899e-01
-3.104817626795495708e-02
-6.623462742872587850e-02
4.391205101695422885e-01
3.068001159094962405e-01
-2.309637808312532681e-01
-4.292211408673889950e-01
3.891862740467780801e-01
-2.030220740689288317e-01
-2.224829352559575812e-01
4.292501193437078255e-01
3.042279681828768956e-01
-3.226344409254842671e-01
-6.312147250590858238e-01
-3.965395343229520808e-01
-3.556223326079821501e-01
-1.590164464699207192e-01
6.221595608767591101e-02
-9.288774988025523538e-02
-2.571128317293377985e-01
-4.892502375540793702e-01
3.787804652547433482e-01
3.540167226517235144e-01
1.194322967419073345e-01
7.272590536650452853e-02
-1.160673186856752553e-01
1.679026144834794010e-01
-2.714467447004370038e-01
3.670328118049115407e-01
3.230234426682419002e-01
-3.264473875026465688e-01
-4.755022174741710961e-01
3.682462776899567136e-01
-4.437587250919951265e-03
-4.616588449499849367e-01
-2.270731280613780823e-01
2.239923192547669806e-01
2.092499506652183150e-01
-3.771678456737223573e-01
5.336521816304000687e-01
-5.216783626096367366e-01
2.127077479768483548e-01
-1.895502079930292960e-01
2.113313029544736654e-01
2.844141893634799523e-01
-5.078511736939375076e-01
5.482893175613725578e-01
2.781505277852526214e-01
-1.563985916848541768e-01
6.678905181100971422e-01
-4.644163361739579721e-02
2.582886579857368581e-01
3.303890223360766432e-01
-4.530368414216595085e-01
2.743310395894812265e-02
4.409627442225428906e-01
-9.332390480988077275e-02
-2.022494582953644482e-01
2.405506446130842302e-01
3.771746444268517240e-02
1.707643463251216076e-01
4.257597182114102319e-01
-1.350832986535380198e-01
-9.681413400626653898e-02
-1.270121978899667881e-01
-4.709668722924132966e-01
-2.860928228120377392e-01
-4.521348228693233828e-01
2.260879418871094282e-01
-2.333910818866526682e-01
2.976444830099686870e-02
2.728250542770077058e-01
2.595682275202672307e-02
-3.770732034396188231e-02
2.973845139705612040e-01
1.853104853101611438e-01
-2.653575911689400324e-01
1.760032462990500368e-02
1.136116900196536619e-02
2.670586038675593632e-01
-1.561328419579926519e-01
-2.188284470520953928e-01
-2.195797508103155826e-01
-1.179888625431757959e-01
2.108845174527049227e-01
-2.456154192268810987e-01
2.277048455280566985e-01
-1.412851339963799302e-01
-3.646743221888751330e-02
7.754415485010200948e-01
2.457534937466658576e-01
9.585292294819074133e-02
1.784184154044033688e-01
2.859589247195670758e-01
4.102566121445334613e-01
2.224959700710183175e-01
-4.931428728490461211e-01
7.860635576524227508e-02
3.524191901510052016e-01
-2.315628687398098851e-01
-1.091776285233244381e-01
-1.648593913511401665e-01
5.418766360426755524e-01
-2.649593085164883011e-01
3.242215372021644004e-01
5.341447687858803528e-01
5.792229266278886568e-01
-4.572520249107006607e-01
3.194625188245290293e-01
-1.440131737106799259e-01
-1.480243003003036961e-01
2.692018348564798047e-01
8.348586096947163693e-03
-2.297788434395763579e-01
2.035942299732721728e-01
1.740459393669090693e-01
-2.507999708365021840e-01
3.144674488906937793e-01
-2.429519431110598038e-01
2.801147781786521573e-01
-4.361120150888330715e-01
-1.772618650128407747e-01
1.512802978016698496e-01
-6.236484250659726225e-01
-1.271255619140118920e-01
2.291860662370600321e-01
-3.845838759275319596e-01
-2.204592085580837635e-01
-4.231317148873730560e-01
-3.849229964585991759e-01
1.948431045397380768e-02
2.794409626936309454e-01
-7.149139076623874933e-01
5.063936769491987899e-01
-9.075761417350239335e-02
3.951260133118651430e-01
9.491448634402094298e-02
-8.894906673991405388e-03
-3.025487768577359016e-01
1.764402744654239852e-01
-1.407437059833557269e-01
-9.261880277173159537e-02
-4.093111959995707205e-01
-4.650239900245615732e-01
-6.788714140330742719e-02
3.596499556826529553e-02
1.351979094078317178e-01
-1.592391373613780969e-01
5.093828961742917771e-01
-9.141995105624919904e-02
3.175560096112550190e-01
-6.646203879775466894e-02
2.991002330827420286e-01
-3.174152462015778636e-02
2.195852943589256950e-02
-5.113341442606726961e-01
-1.262852611052069363e-01
-3.036483042387299602e-01
4.848605707601151282e-01
-5.960465425107835946e-02
3.385958057131379650e-01
1.331715299809335395e-01
-4.758728304655407415e-01
-6.122668319429551698e-01
-6.362100895745494145e-02
2.304438721577795890e-01
-3.360320311924182013e-01
4.077745459150626250e-01
-2.258839819409428629e-01
2.259620043191670480e-01
-3.290666959610746845e-02
-4.281578900695029444e-01
3.230380040900061173e-02
2.270133599823437875e-01
-3.058852354449179689e-01
4.726450326272541580e-01
-1.502641436741871117e-01
2.653264456604980670e-01
1.133045992089427301e-01
-1.013642907387553999e-01
-2.310819101177438439e-01
1.535902914871645035e-02
1.316421829346265948e-01
2.675923859560821461e-01
-2.056908308834190513e-01
5.193133467148950411e-01
1.278842296953274782e-01
-3.775973882869331222e-01
5.228790288963384159e-01
-4.640692198391003775e-01
2.245547056114960971e-01
3.809635195057229362e-01
3.891071804980142934e-01
7.646720356319643974e-01
-1.063839742253089998e-02
-2.293472032466393473e-01
3.892607152502159384e-01
-3.432676745795636419e-01
1.001680731063548865e-02
1.099846245215263113e-01
-1.999929108504304998e-01
-2.193160741688772175e-01
-3.904734049709283616e-01
4.726923245544271679e-01
-6.730386407866562060e-01
-5.780525565536057814e-02
1.020653065583548846e-02
4.739840605513196969e-01
7.118436613063127139e-01
-9.445563381038350748e-03
2.436112388215327107e-01
3.685895329222016459e-01
1.960459759284162162e-01
4.483466415819101769e-01
-5.441001707458736902e-01
3.817595763322381708e-01
1.042648146570172019e-01
5.358500076940431178e-01
