-1.998018443353177520e-01
3.170014493981381243e-01
2.643391717625928061e-01
4.284484486780770762e-01
-3.305035175658214697e-01
-1.810762614372564416e-02
4.883456892456099208e-02
4.897098411929026174e-01
-2.900363546060101827e-01
1.457669202167995171e-01
2.467873487759208728e-01
-5.163048831285553808e-01
-1.609124307481630545e-01
-3.219489758202481733e-01
-7.471318485826711209e-02
2.520265426693302779e-01
1.146461848025220470e-01
2.930063845899184560e-01
-5.429228286657924452e-01
-2.811781738033422018e-01
1.378074986151600623e-01
-6.176227467060873416e-02
-2.142855016443413474e-01
-2.718268723987571911e-01
3.606603295630562145e-01
-2.457599812613076584e-01
-6.889366149508635573e-01
6.050704566025227882e-01
4.725288497252908559e-01
-2.663743563013106219e-01
5.615690996684762071e-02
-2.782568384208372603e-01
-3.324391239501508499e-01
1.165068217328438238e-01
-9.172026548534194246e-02
-9.716629186427246101e-02
-5.439093431028654280e-01
-1.908791401546821864e-01
5.003854279627242274e-01
3.509715870988272535e-02
-2.603500331645340338e-01
6.304304201330293012e-01
-4.372524518158110718e-01
-9.627759403016818152e-02
-3.946625138949977907e-01
-1.211046230035934396e-01
-6.583361593909091702e-01
2.695223758111000012e-01
