5.066666666666667096e-01
5.266666666666666163e-01
5.333333333333333259e-01
5.266666666666666163e-01
6.733333333333333393e-01
7.399999999999999911e-01
8.666666666666666963e-01
8.733333333333332948e-01
8.666666666666666963e-01
7.933333333333333348e-01
8.666666666666666963e-01
8.800000000000000044e-01
8.533333333333333881e-01
9.133333333333333304e-01
8.800000000000000044e-01
8.933333333333333126e-01
8.933333333333333126e-01
8.733333333333332948e-01
8.599999999999999867e-01
8.533333333333333881e-01
8.666666666666666963e-01
7.866666666666666252e-01
8.199999999999999512e-01
8.333333333333333703e-01
8.666666666666666963e-01
7.933333333333333348e-01
8.333333333333333703e-01
8.866666666666667140e-01
8.666666666666666963e-01
8.666666666666666963e-01
