4.266666666666666941e-01
4.466666666666666563e-01
4.666666666666666741e-01
5.400000000000000355e-01
5.733333333333333615e-01
6.800000000000000488e-01
7.399999999999999911e-01
7.866666666666666252e-01
8.199999999999999512e-01
8.666666666666666963e-01
9.000000000000000222e-01
8.933333333333333126e-01
9.200000000000000400e-01
9.133333333333333304e-01
9.399999999999999467e-01
8.000000000000000444e-01
9.266666666666666385e-01
8.933333333333333126e-01
9.133333333333333304e-01
9.000000000000000222e-01
9.200000000000000400e-01
9.333333333333333481e-01
9.266666666666666385e-01
9.266666666666666385e-01
9.666666666666666741e-01
9.599999999999999645e-01
9.599999999999999645e-01
9.799999999999999822e-01
9.799999999999999822e-01
9.866666666666666918e-01
