7.430125387020006245e-02
-1.412986827971093873e-01
-5.796239346171615514e-01
-3.712363273601584912e-01
-7.845684795416877355e-01
2.256273352218267358e-01
-2.792374408855463619e-01
7.195501780303305006e-01
2.507082407586173622e-01
-1.094604784095419420e-01
-2.877085355165346359e-01
-2.116449505716304358e-02
-1.955842678947619373e-01
4.801361539013034724e-02
-4.749049689902702376e-01
5.141930377402739172e-01
-4.163110777983924232e-02
1.385193070113027725e-01
-2.058573410046396490e-01
-6.794119119044964572e-01
-1.513124725075925270e-01
6.465007943251290801e-01
4.903194490282908324e-01
4.883324804885083581e-01
-3.877728075036340760e-01
5.687521058626318071e-01
2.797035542854477974e-01
-1.077682651669393116e-01
2.538091143506856495e-01
6.420916877204999595e-01
-5.869574015503813413e-01
1.902986771974003455e-01
-5.389470574403686792e-02
9.780215592981225670e-02
-2.332046427787412002e-01
3.746417063357695976e-01
7.308229147896810884e-02
9.350447126492847372e-02
8.076574172894564196e-02
-4.125187686608421805e-02
6.367192924566126289e-01
-9.027339165396719434e-02
-5.847204433089684406e-01
-4.874941618473799948e-02
7.088323755239906987e-01
3.298090275491383228e-01
-5.075676799278595885e-03
7.624366126395321075e-01
5.542476731732167705e-01
6.696006191187386936e-01
-5.980545060527042711e-01
6.632533356407854797e-01
-6.848941329867784811e-01
6.030856673946916047e-01
-3.184761438625727248e-01
-6.138887643748811018e-02
-3.192874388827655618e-01
2.141741228632748351e-01
-4.581093246203184477e-01
-2.689341675078372185e-01
4.747449460439507329e-01
-4.353792426168698881e-01
9.342639638318736561e-02
2.853216239187854608e-01
-3.431001080542951942e-01
-4.918172658615599935e-01
-2.675821831772460246e-01
-4.292050948268449906e-02
5.115087193571872248e-01
-9.356614863370020518e-02
1.247861599480713096e-01
5.168368101835717487e-01
2.950869538170391992e-02
2.042827909878375259e-01
1.181151815105180164e-01
-4.184370249397703079e-01
5.899866835289325762e-01
6.131186458699641184e-01
-6.454840892866475777e-01
1.270876279118822727e-01
-4.578679980530705323e-02
-3.659504462793969348e-01
7.506696531515963389e-02
-2.299698051678006616e-01
1.952645654907315120e-01
2.776839329795354749e-01
-8.844652706912458084e-01
-5.948991690302763979e-01
1.185736106889167529e-01
-1.943391693971436018e-01
-5.442122070225655084e-02
1.892389128892240369e-01
4.103877484978838419e-01
-1.753302059449702854e-01
-3.555399683264083288e-01
-6.795672957479037546e-02
-5.141159244323971755e-01
1.246857644523767794e-01
-9.438536668075023228e-02
1.899441244100490700e-01
2.769776220946921774e-01
-3.835357291639398536e-01
-1.121196527234615131e-01
-5.318183028709481952e-02
3.424132773738685631e-01
-3.649180679116790227e-01
-6.223290321780304557e-02
5.029940596842010642e-02
-1.377827251654212548e-01
5.943276735955477230e-01
-6.243973210364275328e-01
-9.697926554743319105e-02
-1.662639623680701659e-02
4.197996428396628954e-02
4.918992583987386036e-01
-9.539417850833926960e-02
2.938531597036687093e-01
-3.141109443974168802e-01
-6.831007355013866134e-01
-1.930162614764119877e-01
-3.833530704271363443e-01
-7.767040154173422695e-02
2.227521035216544210e-01
-6.133135248005049389e-01
3.154854912659257327e-01
6.929875966697786049e-01
6.936348053012704185e-01
3.274773894538148267e-01
-5.728207642640563702e-01
1.428768729387627501e-01
-2.131970905540739591e-01
-5.619110396052768852e-01
-6.443603038980520725e-02
1.860344702209013046e-01
5.420983768295895011e-01
2.400820132554020159e-01
1.685900507723733441e-03
-5.902377454500628007e-01
6.733564100462365865e-01
6.829114954691124506e-01
-4.874029632691174174e-01
-1.540841241693579888e-01
-5.751323200167649530e-01
1.776158942724118950e-01
9.738837068020439469e-02
-8.296230647022537208e-02
-1.347091909435504664e-01
-1.905947103097838449e-02
3.861841933238195357e-01
-2.063119337748312854e-01
-3.897965174382072573e-01
-3.703196448472453189e-02
5.574922343630940302e-01
1.608404741793937054e-01
8.127812268680224550e-01
7.304282934154773255e-01
1.969672029168911820e-02
2.809310104450728485e-01
1.895068927886272084e-02
-4.382922969709072136e-01
4.777264438638814115e-01
-2.104465048197656507e-01
1.233542164454300288e-01
-4.967559488899533915e-01
1.160250648977258353e-01
1.982048833318738115e-02
-3.038737863547404938e-01
-1.787215784958299247e-01
-5.541404898297774828e-01
1.559259129764113128e-01
6.716391147926406013e-01
3.612193808641837589e-01
-5.736356799914350546e-01
-4.858758615433612649e-01
-6.540012970381068325e-01
2.058635362911205025e-01
1.767215495780992060e-02
-8.183294312770497125e-01
-4.199860002114284008e-01
2.562936756645153302e-01
-2.872940208799834583e-02
-2.282973307351533476e-01
1.404220763111025672e-01
-1.045359653198233742e-02
3.148339767048750626e-01
4.085151545175657040e-01
6.849858846093424825e-03
-2.749855842336411116e-01
-5.301104413049888553e-01
-4.516614604990107917e-01
-4.990900687473444064e-01
7.025474869715324644e-01
-3.868252995072304912e-02
-2.006819800295969458e-01
-2.469248443079054833e-01
-4.091454844327538920e-01
2.031325109190028622e-01
-5.440466024801784428e-01
4.032131182024855653e-01
4.866570291781626700e-01
-3.578117699139524155e-01
1.466236657582836722e-01
3.637154119918016570e-02
-4.084260181273383639e-01
-9.268945842299737281e-01
7.932605478456802861e-02
1.299791912855773612e-01
1.094205494233143616e-01
8.414266337723979028e-01
-4.574688280991804912e-01
1.726524134382692033e-01
9.112721452103957065e-02
-7.668241540901293840e-01
1.547210470332433807e-01
-2.989016274838216525e-01
1.626276758808527234e-01
1.640998747367134747e-01
2.538130769116603846e-01
3.531012975762828354e-01
-8.932291036627048042e-01
-5.812112819611245373e-02
-5.836592204505289816e-01
-8.768078645062706011e-02
-4.449968802264823164e-01
-2.231344475878166145e-01
2.005074663066329019e-02
1.700457746573122431e-01
-2.314505191153636843e-01
-2.301417354779409785e-01
-7.732950319548190787e-01
-7.018766795290297678e-01
3.777675758315110488e-01
-4.080060094641427826e-01
6.330892804597868517e-01
7.264107861191482218e-01
2.230474628654089131e-01
-1.313639449181316643e-01
-2.283653395917412399e-01
1.993981933510712845e-01
-2.090168975953276276e-01
-1.896068739730563391e-01
-1.066317147673082333e-01
4.314713990281585643e-01
-3.600753699400244257e-01
-6.911003547487726273e-01
2.627838305490325706e-03
-3.589051791798064106e-01
-1.056059768461814763e-01
4.444980103780962755e-02
-1.142518032496660785e-01
-2.237785872556637690e-01
4.342066616817156777e-01
4.752775638498616395e-01
-4.060896308384976949e-01
5.490785410338141492e-01
3.604946119729736664e-01
-2.301480728744723092e-01
-1.486609655283940845e-01
-2.895437062729352418e-01
-4.357070111076329910e-01
1.090678095785188595e-01
4.716819758526498152e-01
-2.175158126710319273e-01
-5.159815736865087654e-01
1.742925792625937276e-01
-2.061688141108818650e-01
-4.635207954040028722e-01
-5.214529651611986560e-01
4.441096258237714478e-01
-2.207440829924071091e-01
6.292877572319546253e-01
-8.156487270882540885e-01
-3.283238950526667366e-01
1.887021572012126114e-01
2.502709439378705825e-01
-7.365825796302560846e-01
3.469009321715365579e-01
-8.560036433562768776e-01
-7.830254192955106440e-02
7.011123651949161539e-01
-2.271723216689309488e-01
2.344034695247365074e-01
-2.167967914753478331e-01
-2.687898041038060959e-01
6.073784759141790390e-01
2.288891708215684828e-01
-9.488191512710989484e-01
-1.146525864177900672e-01
-2.907498078476092873e-01
-1.650428869390875228e-02
-6.862947355848257880e-01
4.185149877192288412e-03
4.702631164682891107e-02
1.692639471680906782e-01
5.715791858058885122e-01
8.920417924241230700e-01
-8.739792256230284329e-01
-3.108703071092729919e-01
-5.813616169990072982e-03
1.235958493641276107e-01
3.889412264042748091e-01
1.611756140186339503e-01
-2.122528389904261292e-01
1.918976660179795568e-01
-6.981298675404824794e-02
-5.018587986609432949e-01
6.050715997193666373e-01
5.548975621537935998e-01
-5.150932378917923993e-01
4.015246619467339739e-01
-6.130841339452155481e-01
3.039040649779927161e-01
-5.268358009657327923e-01
-5.601586290900800735e-01
-3.337794095694773255e-01
-5.762353464605370762e-02
-7.887031390041494838e-02
-1.491861607787468291e-01
-4.322740102434797366e-02
-3.196619907138511379e-02
3.112917325986067629e-01
-4.765444876374368421e-01
-2.081667574061066561e-01
-4.067376172571607329e-02
2.464469827960008852e-01
-3.378032270606455834e-01
-5.259741775001043340e-01
-8.430513068798045628e-02
1.317678254560021023e-01
-3.488417015220630635e-01
1.730341001943818957e-01
4.160877238053108385e-01
5.155516046712999012e-01
3.285122324339744826e-01
-4.709804352926535986e-01
2.077319517073722421e-01
-2.231329728702167170e-01
2.328167975550692048e-01
4.561666844292449619e-01
6.193926531006792580e-01
1.338024475446246420e-01
-1.381421595000189850e-01
1.103632986201179556e-01
2.904016489663485134e-01
1.793417504678607999e-01
8.294931680207101587e-02
-2.951200306252309558e-01
-3.193198241642931645e-01
4.118416777636824677e-01
1.367065016447157610e-01
8.890456274091543820e-01
-7.982298146982622633e-01
5.767550570427811829e-01
6.234588649712805575e-01
5.708560035446242908e-01
8.197193053658147210e-01
5.856197499083387603e-01
9.107867100007602246e-02
-3.850346777625582861e-01
-7.826138051922630900e-01
-8.460243773940527567e-02
5.198378472820132101e-01
-2.897779435852420593e-01
-1.106041047840366776e-01
-5.927632366293575927e-01
-3.540688873851757235e-01
-1.559919075444695102e-01
-3.790134094260434218e-03
-1.622992786268828980e-01
7.673689087816762955e-01
5.361913638079831568e-01
-5.741768153750234083e-01
-1.473495843406300854e-01
-1.292510922112089233e-01
-4.591480659897695937e-01
-2.016547759346006552e-01
1.157765067671206322e-01
-1.050582354221346049e-01
-2.201103767625720853e-01
7.955598712220806057e-01
-8.755859937515122343e-03
-6.502714854630327057e-01
1.285050186268178463e-01
-2.417001018528552869e-01
6.934704057173012304e-01
-6.177566299012048762e-02
-7.223954110735485434e-01
-6.427231156120265521e-01
-6.142734987432358906e-01
-7.085921483245677388e-02
5.203672397333053423e-01
-2.627775716057650923e-01
1.574007772467766499e-03
-3.877206010923626156e-01
-3.888032695568457292e-02
3.875299834722663594e-01
1.839832332984764340e-01
1.586236200389636586e-01
-5.841612877918088698e-01
7.074266705315238601e-01
-5.108490772788104595e-01
-5.340848822270855001e-01
-1.333324268030849635e-01
-5.785967587702141035e-01
2.357068276672831808e-01
-7.409583195467714933e-01
-3.711627224714589834e-01
4.475794221932402617e-01
-3.676306850292264117e-01
-1.235925509615742601e-01
-3.249805589971846431e-02
7.898880012536852249e-03
2.049218211133043976e-01
6.476728198407631920e-01
-1.580274457097754770e-01
-2.430718318687473678e-01
-2.912794626413624938e-02
7.103768498100080375e-01
-9.594993223294295825e-02
-5.681349257458411656e-02
-8.394018969292639694e-04
2.301429773944931728e-02
-6.394663828615591017e-01
-8.993243120473745078e-01
-1.035824782393872205e-02
7.326477374638272755e-01
-2.805906456168369423e-01
1.281415363269152174e-01
3.422944269977503118e-01
2.379085065293703172e-01
4.275157438248474162e-01
-6.531716810038987187e-02
-6.822588065343642150e-01
2.628578880504721660e-01
2.164815009143435387e-01
-5.134392631192359335e-01
-2.637551645655089594e-01
-2.976410067317431518e-01
1.973395436915671985e-01
1.864752582353645383e-01
-6.155070191557145964e-01
4.938464349241399876e-01
-1.810569377542990965e-01
-2.017253772953166158e-01
-4.946993759377513733e-01
2.361407301639778175e-02
-5.929794563595077728e-01
4.635492221415068448e-01
2.438214961701137551e-01
-2.755445352512678366e-03
-1.435709414057347866e-01
2.237392195373344161e-01
-5.626257191948990100e-01
1.205276521893927644e-01
-5.899642125362667411e-01
-1.748141258670496967e-01
1.066114071482998499e-01
-1.520314217193269035e-01
-3.826555537798240897e-02
-4.808782484163680593e-01
-6.154691332962693162e-02
6.539652719348786336e-01
3.734657734138445706e-01
-3.097078390209153168e-02
-3.029322717955185706e-01
-6.514255559309345411e-01
-1.972720972937891393e-01
3.544708028582108789e-02
5.463046622163699739e-01
1.197053199037050458e-01
-2.513653547218935858e-01
-5.592025975733657672e-01
8.525352279572701031e-02
-6.789878412485127468e-01
-2.088803963082760118e-01
2.233446650275656975e-01
-1.335192388285431631e-01
-3.743753704855953823e-03
1.308768765898251918e-01
1.172024391971829699e-01
-6.112684516702644455e-01
9.665794348762596355e-02
-1.947633931334177004e-01
2.977923234159485233e-01
7.892183795190597928e-03
2.173372139884434118e-01
3.186604857949084518e-02
-2.087783605460736408e-03
-6.207342774010631281e-01
-6.439301948118641983e-01
-8.876977979084335058e-01
-2.405703945064352201e-01
7.117547504772056000e-01
-1.853918449603663143e-01
-2.032836251907153835e-01
-4.184985950517079445e-01
3.363239111003373250e-01
6.491733732797070333e-01
9.584187368891597392e-02
7.129100151425072918e-01
7.449949840875408347e-01
6.646644657963729497e-02
1.986570434646485195e-01
3.299814553196698252e-01
-5.850360961069676069e-01
-6.047340019563706148e-01
-4.250221226768338689e-01
7.452445531631449738e-01
-6.026357812847262796e-01
3.520362208793871295e-01
4.067984801222532254e-01
1.628855079375919890e-01
4.561579859900248834e-01
8.112528038615784975e-02
4.997739528313631663e-01
-5.640310335232292527e-01
7.600069074418390747e-01
6.136450231986307902e-01
-3.647154832670267965e-01
9.945842192534708193e-02
5.947772499913890343e-01
-7.791388655359852977e-03
7.345777403402713179e-02
-1.257662951501254123e-01
8.610787345138776194e-01
-9.279732205106495935e-02
1.077984921261387202e-01
-4.194191527554949062e-01
-4.267586774613174039e-01
-6.872263199119796329e-02
-1.971597871715735292e-02
-3.822741793790117026e-01
-5.867163982845191583e-01
-5.349514774728673094e-01
-1.737452024012349217e-01
-5.514606441276290738e-01
-3.879494979649891762e-01
4.916860639682513884e-03
2.021295628217558149e-01
3.805229695641538235e-01
-3.164915437024347356e-02
6.800211689262933845e-01
3.539958362112506918e-01
3.329466709142812064e-01
-1.809183930671285634e-01
3.639740737391132241e-01
-5.288155979735941203e-01
-6.118508873380211766e-01
-7.718135138485664182e-02
-7.345852238079367824e-01
3.316154894479079740e-01
7.171626909014575668e-01
5.826625094096155033e-02
6.045925446884369281e-01
-4.276269238407496287e-01
-6.455799605696872501e-01
4.307652239025466789e-02
-2.113881088291101606e-01
6.719246632119721951e-01
3.558665217273270232e-01
-9.669935219269467641e-01
-8.020669110376875410e-02
-1.207184601224066747e-02
-7.252099441709729533e-01
2.189015860069641953e-02
4.788609614205842635e-01
6.005211801174821229e-01
1.540022093771695536e-04
-8.925051860836127893e-02
7.484242004632276624e-01
6.397322646531605761e-01
-3.708050614665447386e-01
-4.842581823164979760e-01
9.173962045438788238e-02
4.905602355603459475e-01
-6.158460417545590371e-01
-9.343607981397221429e-02
3.176488040796761059e-01
6.413527709413114897e-01
2.365056967541639965e-01
3.562008370178546546e-01
2.699494981182480324e-01
-6.272621231576438472e-01
-4.524266670119199696e-01
2.532949177718993305e-01
4.044625168971508478e-01
1.382612766675778704e-01
1.846439772375168542e-01
3.737142066002917540e-01
1.463735497573355748e-01
1.528068234679191562e-01
-3.016696217309272621e-01
-6.136241882067658970e-01
3.476357368644530377e-01
-2.010461359618061772e-01
3.310051132167351473e-01
-7.180904543511349436e-01
4.138043511613070380e-01
-1.417548250258613141e-01
1.072621184310361131e-01
-1.817771594358700768e-02
2.482065151820107840e-01
-4.791332240158507338e-01
-3.684185415279755405e-01
2.896630603652693980e-01
4.140901490508112626e-01
1.624751996494703740e-02
-3.920587421455049570e-01
-5.477306950549135633e-01
-2.487129891004515869e-01
6.192933648162539662e-01
2.007004569728342569e-01
-2.533944805658509547e-01
1.824208452874945541e-01
-4.068214269610422318e-01
-2.575036826869334106e-01
-8.021424136817242867e-02
-2.672708567934716228e-01
-9.263614873975797859e-02
1.305397666323724615e-01
-1.974837772335781283e-01
-7.675939977372341350e-01
4.320301062297484673e-01
-5.877031198691082814e-01
3.106169913638469615e-01
4.233351084310700840e-01
-2.542673016943819975e-01
9.731294331983993129e-02
-4.606115037017513014e-01
-3.731885751603605250e-01
2.640862102531558731e-01
3.114518691257381344e-01
-1.679354666871492596e-01
-9.645892806582517798e-02
-1.167863025620328316e-01
2.640742487980529685e-01
-4.743312538508941967e-01
6.555201947739870416e-01
5.797028652602074228e-01
-2.779026857073459422e-01
-6.012344243378361375e-01
2.918183873528135130e-01
-4.351898989333625734e-01
-2.500938403338115457e-01
6.826217864281735048e-01
-2.754903683446110474e-01
8.143725015948135582e-01
1.193041018876155879e-01
-9.824849094301446595e-02
-5.084803680167633289e-01
4.613025881422508356e-02
-3.946336891275041836e-01
1.681137959513354652e-01
-7.714447537742556357e-03
-5.920522901197902699e-02
2.005201501832508670e-01
-5.975122333637598177e-02
7.251738590529637207e-01
-5.118568045248669263e-01
-5.980526390542837412e-01
7.501725277392774505e-01
9.108306330189775979e-01
3.455284119518214347e-01
8.224518450507066480e-02
2.276773354351467049e-01
1.941937624696086773e-01
2.712032484338901539e-01
1.401366231480655200e-01
2.979185300551501769e-01
3.276193027201916852e-01
6.168290046594190335e-01
2.863785253322806423e-01
-3.933408762895742039e-01
5.117461090816650682e-01
3.479785292793202700e-01
1.879448297105560661e-01
-3.873340982390596765e-01
-1.123487990903049988e-01
9.973015589495654032e-02
-3.000399757057233274e-01
-2.477394244157163361e-01
-3.032968877534913954e-01
-3.031559338923904279e-01
7.971916604588901167e-01
9.584734477101428118e-02
1.511200258957738074e-01
2.023923293135877488e-01
-1.922451997387092555e-04
-6.846957139241091062e-01
3.515048186106947692e-01
3.173087538771749982e-01
7.146949631234773559e-01
-2.952813452654968682e-02
-1.570358728363586698e-01
-2.172727553964550473e-01
-5.016794306050197383e-01
-7.472851100976893868e-01
1.948135794586078884e-01
3.902891204765366884e-01
-1.487459865494727973e-01
1.629285123967558202e-01
-3.641288836266966533e-01
7.611723405320414138e-02
8.168809665522319685e-01
5.373087919212147234e-01
-5.349836915246687641e-02
-1.221799049642447177e-01
-4.845538352414247019e-01
7.893899728567661533e-01
-2.335068463052718257e-01
-5.044314578046065201e-01
-5.038048306317629565e-01
3.713631585944817681e-01
-2.427900142760757718e-01
3.924394156183185212e-01
-4.001037715015873242e-01
9.034283421928268609e-02
3.139794216229356283e-01
-4.182158741029425308e-01
2.595144544766830319e-01
-1.964934343396353700e-01
-2.421812282265730157e-02
3.822316552350706054e-02
-8.539858695827433344e-02
-2.838981606047216166e-01
-5.937591871275893496e-02
4.778659483739625125e-01
3.761180137366600951e-01
-2.291953052248588973e-01
2.676241822383159108e-01
-6.861849780537417898e-01
2.707630953075342295e-01
-2.678975753793582659e-01
3.880094469309340321e-01
4.025030739883486697e-01
1.447945731771991540e-01
7.985826611042792234e-01
3.747938926209141153e-01
-3.232964058470953056e-02
-5.838473781540597374e-01
-4.205019452267658719e-01
-2.442639693750897970e-02
-3.496114206314912456e-03
-4.895425159351646238e-01
-6.789111381226383690e-01
-1.098769446682065221e-01
3.165668429363198699e-01
-2.434931137726274730e-01
-5.355822214870074038e-01
1.895653915928195016e-02
-2.044026325682013201e-01
-5.713303236854953004e-01
-4.564243149235900493e-02
-6.721121321627850087e-02
5.890827368402887787e-01
-2.389358218795455124e-01
-8.199521131500702165e-01
-2.725882697568748902e-01
6.362535823950470348e-01
-8.057665499430630152e-02
-1.727480553336296631e-01
2.351722221355110887e-01
-2.738896240042663077e-01
-8.133781747243543636e-01
-2.163253096149717891e-01
1.461525782556891140e-01
-6.810466005009231383e-01
2.031462101524418029e-01
