4.666666666666666741e-01
5.066666666666667096e-01
4.400000000000000022e-01
4.000000000000000222e-01
4.733333333333333282e-01
5.200000000000000178e-01
5.999999999999999778e-01
6.199999999999999956e-01
6.133333333333332860e-01
5.666666666666666519e-01
5.799999999999999600e-01
6.733333333333333393e-01
6.400000000000000133e-01
6.666666666666666297e-01
6.533333333333333215e-01
6.866666666666666474e-01
6.733333333333333393e-01
7.666666666666667185e-01
7.466666666666667007e-01
7.866666666666666252e-01
7.733333333333333171e-01
7.733333333333333171e-01
7.266666666666666829e-01
7.866666666666666252e-01
7.733333333333333171e-01
7.666666666666667185e-01
8.000000000000000444e-01
8.066666666666666430e-01
8.199999999999999512e-01
7.666666666666667185e-01
8.000000000000000444e-01
8.000000000000000444e-01
7.800000000000000266e-01
8.066666666666666430e-01
9.066666666666666208e-01
8.733333333333332948e-01
8.800000000000000044e-01
8.733333333333332948e-01
8.800000000000000044e-01
8.866666666666667140e-01
8.066666666666666430e-01
8.666666666666666963e-01
8.599999999999999867e-01
8.399999999999999689e-01
9.399999999999999467e-01
8.533333333333333881e-01
9.000000000000000222e-01
9.000000000000000222e-01
8.399999999999999689e-01
8.599999999999999867e-01
