-7.439606674009399678e-02
2.434939280024866759e-01
-1.223609203552119412e-01
-5.064614739349726502e-01
-3.997709673944058184e-01
-1.579953936820216454e-02
-1.078860650588984588e-01
8.325847457814689045e-02
-5.694301589615609061e-01
-2.769613813809638225e-01
-3.813616257289181855e-01
-5.653907560308341074e-03
5.021068086510565021e-01
-3.206353171000150271e-01
3.833570096423147278e-01
-2.264508017728886213e-01
1.381406472043706368e-01
1.927285626480560177e-01
2.044088810992314986e-01
-5.287362652077864239e-04
4.505998291677320022e-01
-6.106811216697143330e-01
4.318188268835378846e-02
-1.018036744625800544e-01
-3.015351833730964271e-01
4.917742350776552196e-01
3.684491960819498702e-01
2.550080650055492892e-01
3.635350917263674431e-01
2.133215239250945139e-01
-6.857787777856716449e-02
1.185330921357492240e-01
-3.592741574596074461e-01
2.815811328361645938e-01
4.697478162406049096e-01
4.595910058237684392e-01
5.238476496494191004e-01
-4.217185384931880776e-01
-1.535948986521299964e-01
3.776479001471734764e-01
-1.624342519996478107e-01
-4.128320425081948020e-02
4.551526093330578449e-01
2.771693605440562758e-01
-3.414978315493222838e-01
-1.791588351079520525e-01
-4.689403461468422130e-01
3.935889328666499765e-01
2.780125930635810594e-01
3.686584377133552692e-01
2.225047366566666740e-01
3.047760180948586584e-01
4.319590594110145898e-01
-6.126307438917499848e-01
4.315039117043131811e-01
1.602591795617613890e-03
-2.251840664527599845e-01
2.676459472214563484e-01
-5.280811027749373610e-01
-3.943598050925716247e-01
-4.666602406321358476e-01
4.914518446563548859e-01
1.583007138994799168e-02
4.367532218071460415e-01
-1.950148932822803605e-01
-4.494067768049615497e-01
-4.363441275318446499e-01
-7.197937809122702257e-02
-4.191151103167322645e-01
1.772041044762107387e-01
2.644906422145698044e-01
-4.030537976180281409e-03
-1.707464092442513015e-01
1.758683562447268811e-01
1.945557953379203342e-01
9.224129770332113731e-02
2.709815630444184498e-01
-6.388867974216756208e-03
-2.011600580838837915e-01
3.498340878579672131e-01
-4.376194117348512769e-03
2.974634066380565933e-02
-2.583450567829526090e-01
-1.982585330351014918e-01
3.649411090734469010e-01
1.389443234800272764e-01
-2.792833537640353470e-01
3.356741049467004689e-01
3.608113792673344200e-01
-4.705201499951160993e-01
2.837992145442904679e-01
-3.566826533645563180e-02
1.630253342034627684e-01
2.107921145198899393e-01
1.117234454451529330e-01
3.416716611898240608e-02
-5.864792288587484803e-01
-3.809965087828851016e-01
1.595578103332430386e-01
-1.140762388494903773e-01
-4.921066676863796174e-01
-1.248134058937387936e-01
1.855870713767780178e-01
1.421290327575270296e-01
-6.193502679879778761e-01
-1.062588115553682322e-01
-1.496418821603116289e-01
5.112159173459687733e-02
5.497981341020223844e-01
-2.441604910738202350e-01
-4.289035663291580480e-01
3.367568198414926384e-01
5.294975083175027519e-01
-5.174169297205197249e-02
2.257342081283024993e-01
3.688148623687015348e-01
1.110050970491407996e-01
4.981942225918235545e-01
2.546475618043509970e-01
1.219555356823784908e-01
-9.902179561079689496e-02
2.581577302898130366e-01
5.602234103057417425e-01
-5.188269773833631415e-02
1.284537088169642599e-02
4.231830111024312280e-01
2.791380807748981563e-01
2.089747180052052289e-01
-2.386818650696294064e-01
-4.033057244891455340e-01
6.516030764773903527e-01
-4.727451048205089101e-01
-4.000145109465112481e-01
-2.476982662596591278e-02
4.024651526282660430e-02
-2.061575165725483549e-01
4.328142332097089651e-01
5.864302635651535978e-01
-3.657443728655025983e-01
1.105581633215912823e-01
-2.057352068813787099e-02
4.329235326068491263e-01
1.114051307319001427e-01
-2.107124680122106353e-01
3.304963292094355576e-01
-3.150840709625751801e-01
3.844637512032146320e-01
-3.813286060101822028e-01
5.754554304852457225e-01
-2.921148406938403608e-02
4.327545820597617499e-01
-1.308582442217897934e-01
-2.045377969527071293e-01
1.213444374217149679e-01
-4.010154165049918951e-01
-2.119783241183778866e-01
-4.166700207797498223e-02
2.330287182060358786e-01
-9.326670289094061983e-02
-4.306231722734002454e-01
-4.554983992216379285e-01
1.142827569502304630e-01
1.335560399802570297e-01
-2.512881906123130005e-01
5.215806334164831137e-02
4.961190828334815506e-01
3.222255244258045992e-01
7.996459334180264222e-03
-2.847468420207940887e-01
-5.604865111750390733e-02
8.283855061198827641e-02
-1.643614609509042035e-01
4.222171275894751608e-01
-9.548546716637072718e-02
3.718438377937595685e-01
-2.432504444587365866e-01
-4.478758254486447932e-01
-3.832718757872422000e-01
3.787373402043392456e-01
-2.743154777554992485e-01
-5.638489969677273894e-01
-1.030178329376606472e-01
3.066204905516626278e-01
-2.855724278511316896e-03
-1.065857583067267439e-01
6.292645730606939436e-01
1.003488826298996363e-02
-5.919962104133501546e-01
5.348258234683280765e-01
-8.870964498905323237e-02
-1.282031703082752994e-01
-2.754917879669707692e-01
-1.650739988329320007e-01
-1.517804143886460067e-01
-2.785677239553879248e-01
-3.203701826271483644e-02
3.755268761732085681e-01
4.000077156063888140e-01
2.714530738285454992e-01
-1.880311811310770298e-01
-2.153897401092407515e-01
-2.531038796377043099e-01
4.086874888130001549e-02
1.457297708937648484e-01
3.385636623683038748e-01
3.720901729940086500e-01
3.432096404076000473e-01
-3.725996982801580981e-01
-5.960024741798394254e-01
2.686379800442154631e-01
4.999424117197557860e-01
-2.865768673206020578e-01
-2.167414921286723029e-01
-8.127673512456717875e-02
-6.695918497273745107e-01
3.782603240220167584e-01
4.815462328838763795e-01
7.650464096242645673e-02
-1.454744004563484905e-01
-4.136952442995978085e-01
-3.546619444678231203e-01
2.843302280705777008e-03
4.340154822228450837e-01
1.985588112936857441e-01
-3.123401797748621145e-01
-3.328783694593483444e-01
-9.910740062310667564e-02
-1.322888088077033009e-01
1.706788565750892162e-01
-5.479845754384918971e-02
4.154576914692352796e-01
3.046780699150523630e-01
-2.731057424522257415e-01
-2.104551398890913416e-01
4.965176510143184951e-01
-5.270836989149342566e-02
-3.385215189047678930e-01
2.660650998206932072e-01
-3.110305951960323223e-01
-2.719971626204230331e-02
2.125813223793531770e-01
4.665506965103475290e-01
-2.608001472086144967e-01
3.850877818539862885e-01
1.292911211534639726e-01
2.020321344879598691e-01
5.382758289753023506e-01
-4.101406451120148677e-01
-3.499753428241993980e-01
2.585859865764441601e-01
-6.070769440875974921e-01
-1.232686479948009312e-01
1.215118225917909967e-01
5.104001374271777136e-01
-4.049450813509386515e-01
-4.236443332991832733e-01
-1.609984530567105665e-01
-2.936150482900705128e-01
-2.970852626573270983e-01
3.077005915709118411e-01
3.613696016910389330e-01
-8.072473022569867651e-02
3.007559605374614531e-01
-2.138597630224269852e-01
1.489781508601330413e-02
-7.173366199390826536e-02
-1.064961621446507828e-01
-4.106983918944696055e-01
2.858787475219463636e-01
-2.557752604767530302e-01
3.981102753019878926e-01
-2.858749431243776673e-01
-3.663007323973110907e-01
3.643382248791436351e-01
-1.035177344545997330e-01
4.175951689849544679e-01
-2.383564708931854847e-01
2.565244418424439954e-01
1.859154267193774968e-01
2.516199255117336220e-01
-4.551430126699883005e-01
5.181503995688544473e-01
-1.105913846696018367e-02
-3.954124067084406613e-02
1.458843596073966797e-01
8.062253788176586625e-03
1.360931498685816199e-01
-1.333267030643009166e-01
-9.467488737512734509e-02
4.844576185745086971e-01
-8.240615627245709285e-02
9.751394871579903423e-02
2.426705996310291880e-01
4.881856796951203337e-01
1.671317052042197993e-01
-3.041521556972750506e-01
4.371689172279789037e-01
3.501772302118766889e-01
-5.802306301173378034e-02
2.335167641814680783e-01
1.521854172304907271e-01
-7.373796247484703040e-03
3.696401706617141736e-01
5.898714106703057541e-02
-1.841819301520513374e-01
4.826474868083560077e-01
2.763283812916062510e-01
-3.994014087380424183e-01
4.028293770447163302e-01
3.422303251273884350e-01
-9.719247246871981494e-02
-3.103630330466586873e-01
9.134544494912305579e-02
4.153550470542166084e-01
3.101048984822935006e-01
-1.420315062226042702e-01
2.822450160760130999e-01
9.271645202761315263e-02
-6.342447840971346951e-01
-2.879331575970928148e-01
5.391136704722609974e-02
-7.581431316774765727e-02
1.034369024695482725e-01
-2.674338934815024271e-01
-4.700712513008626914e-01
5.537521630262836475e-02
-3.244572285963862601e-01
2.127108264513833669e-01
-3.487556322867983727e-02
-2.495197074849889451e-01
-4.485952835201930111e-01
1.910690957057493700e-01
1.848022740412112730e-01
5.539075525599460592e-01
2.163087877479239751e-01
-4.428132687958169500e-01
1.657617368604218655e-01
2.584773128573337742e-01
2.307856698724913003e-01
-5.812600792090645285e-01
2.086944117655133435e-01
8.832852778348222744e-02
2.490126452673536439e-01
-3.527151374115930493e-01
8.244395756961900301e-02
2.512643473138316541e-02
-3.648703468918387260e-01
-1.824709682101317010e-01
3.809369454979292802e-01
-6.655123294240170018e-02
3.141250610939103627e-01
1.125277466481537231e-01
-3.907946486255977070e-01
-2.700498115312471858e-01
-4.165367862042173019e-01
-3.317429761197862592e-01
1.971437009657754369e-01
1.691075997971479006e-01
8.559451341177623518e-02
9.837676815671583808e-02
-3.688078422399703737e-01
-8.114292648925061635e-02
-3.773301664601876049e-02
8.374881924425478519e-02
-4.616487639364084128e-01
-3.655931174326954025e-01
1.852820431149279634e-01
-3.127445623406381880e-01
2.451611316499301141e-01
-1.856052623208526847e-02
2.487603822348689528e-02
-3.468636423194220164e-01
2.851490333612425321e-01
-1.904015800380425560e-01
5.506221674840748592e-02
4.570765520581996366e-01
-8.248884912947451742e-02
-2.220330452446923064e-01
-8.929364359837135834e-02
5.072568910887638172e-01
3.040912773025122862e-01
-1.215878715515408687e-01
8.287683697234649038e-02
7.618484525464848389e-02
6.319149788839978354e-02
-1.413612796771052671e-01
2.503529090190964590e-01
4.970100564205128246e-01
6.637684348282273106e-02
1.859985936922687877e-01
-3.502493406889640171e-01
4.025670108719157092e-01
-4.277111678235607783e-01
3.074204560933817554e-01
-2.359712411515052788e-01
-3.265665645019535379e-01
-9.783336865098204993e-02
-1.386801545762366694e-01
1.232911294460417584e-01
-2.661943637464628809e-01
-2.494891114588692338e-01
1.731620009836570551e-01
-4.954564704251758767e-01
1.097461323223574703e-01
-4.475096662376104595e-01
8.160262952717843576e-02
4.889980258240663735e-01
4.781366979079774981e-02
5.276701501190890209e-01
2.728633263493655536e-01
-2.147050759901146244e-01
-2.447258233494109259e-01
2.595539935389247210e-01
2.555458154633175050e-01
5.716473527359456908e-01
5.242053111293715206e-01
4.264499246818773681e-01
2.405685138612114471e-01
-2.616697704040873984e-01
-1.767118649778636752e-01
-1.449567683407576059e-02
1.598276259854526093e-01
-9.229022029485592360e-02
-1.047892906979749211e-01
-2.628536544423998866e-01
3.586950443077738249e-01
-3.929398553117614545e-01
9.017331787700014201e-02
4.336896355511020706e-01
2.569284833502883530e-02
-5.880592340773967974e-01
1.157913422276577939e-02
2.361466901298693924e-02
1.976681669651603468e-01
-1.814796963225239756e-01
5.517008599411973302e-01
1.037515577677067952e-01
-5.625169494676932405e-03
3.796031742710482271e-01
1.881732245534600834e-01
-1.835556018676461759e-02
2.702634086501782273e-01
3.831405932702311445e-01
2.196925286435677527e-01
-3.437133870931446400e-01
-1.064695407269599520e-01
-7.358020042003790562e-02
-3.112384358028399411e-01
-1.929719915881831227e-01
3.816749981568006711e-01
-5.813181186590214017e-02
2.353277131414100928e-02
-3.429256629934476219e-01
-5.098619335377531092e-01
-6.145854964486786517e-03
3.253336065426614548e-02
-3.383800878185816430e-01
2.318875972261447149e-01
1.084065091210515280e-01
5.496932505757119725e-02
2.542387923933711602e-01
-5.044956228904834417e-01
2.793635193622108770e-01
1.425594826622396394e-02
6.402919511157199872e-02
4.238965281667308460e-01
-4.788968652124926950e-01
-5.540380682669923118e-01
-1.217046626354994637e-01
-1.357460650569917993e-01
2.079179620192462274e-01
1.294837531278598408e-01
3.597885857703434498e-01
4.412984759132618229e-02
-1.619599939216749898e-02
4.641495000100164664e-02
-4.551713318814425424e-01
3.715489655738499208e-01
-4.978056312581947279e-02
2.549791397706424045e-01
3.112898070819622998e-01
3.774130890167077257e-01
2.473314399559718435e-01
-3.694140340029242742e-01
2.094342588559960083e-01
8.037428728797840760e-02
1.373747298540860529e-01
-4.085025393517981995e-01
-4.395657245654500112e-01
3.592731681495083818e-01
2.873920855591353130e-01
-1.719256356542415709e-01
1.243296149709773729e-01
2.115577355712387059e-03
-1.356816823291816521e-01
-3.217361360145517546e-01
1.374263947588487411e-01
-1.962030479416707607e-01
-1.514573296388111168e-01
5.586665921497037113e-01
5.984019206496635768e-01
5.733400241234519468e-02
-1.211495869822464960e-01
-1.530114209875941544e-01
6.090028591454796913e-01
-3.339296646614905439e-01
1.977872846471342982e-03
-5.741366953651614313e-01
-1.816896384007202492e-01
-1.173824818842901935e-01
2.687838895585110688e-01
3.473929309541711752e-01
-6.794360798730025852e-02
-2.598741609102550587e-01
-5.829216755692322449e-01
-1.596487628359919697e-01
-4.214282923782087797e-01
-3.448213643355297481e-02
4.484676507819890245e-01
1.835549198069411081e-01
-4.506053626846293625e-01
4.277402998818608526e-01
6.250760798136367757e-02
-3.322334931326010460e-02
-4.105431932215025670e-01
-4.846575025087125899e-01
-5.773019178616028979e-01
-8.818085317532103895e-02
5.452694519130161233e-01
4.421378118867315687e-01
-3.005714376373234131e-01
-1.850735681742912420e-01
-3.681164359673181896e-01
2.362200446651904762e-01
3.779833008371776271e-01
-5.846520945099241695e-01
3.973159977943542809e-01
4.394025847482849745e-01
1.264109586308172217e-01
-2.722742432815108277e-02
-4.333075342288955634e-01
2.070381383408860243e-01
-4.096908344366605448e-01
-1.359398129137772138e-01
-2.907851025615326157e-01
-5.788396229756950229e-01
6.202462291890991491e-02
-1.659512557159064372e-01
2.724143989252757470e-01
3.823617525405860196e-01
-5.111081333845242103e-01
2.027764437118117213e-01
1.527222397146903721e-01
9.334800372396026211e-03
-9.069420531609953540e-02
-1.685745033627873701e-01
-1.080821781808601056e-02
-2.180782373506974237e-01
6.669571181485776101e-01
3.368491319137997264e-01
6.546708159472562627e-02
-3.410423864547655337e-01
-1.775254713448612687e-01
-1.658830190469949839e-01
2.374374023717798210e-01
4.674314751590179229e-02
-7.304496857284177580e-02
-1.422700164372512135e-02
-1.348850301608291689e-02
-3.205164218800726772e-01
-6.902939122591046361e-01
-1.145544662897186594e-01
1.285163606483153975e-01
4.557372184990102770e-01
9.182095181022065233e-02
4.871959542299110490e-02
2.385088969497691780e-01
3.462506887663370780e-01
-2.108157924781796366e-01
2.725542616136185647e-01
2.694071546195934697e-01
3.741270132088997391e-01
3.198303682184089336e-01
-2.530697266290192760e-01
3.244474069631049784e-01
-4.879475066886357904e-01
-5.309446564982771566e-01
5.232399927521470540e-01
-2.614750766715355779e-01
-3.468226484823893618e-01
4.793155236618164561e-01
3.873531738252959933e-01
5.692959607599015204e-01
2.863234561037242831e-01
-1.907075625186132328e-01
-5.648051750783184000e-01
3.436658474259454144e-01
1.036349846698317451e-01
3.582783221992077438e-01
1.737653601128179848e-01
-2.984288267416130846e-01
4.272121850475761873e-01
3.144308740869776742e-01
-3.355763211039773375e-01
-7.907966453168856213e-02
2.464486092367736136e-01
2.078468605775977140e-01
-1.504861827722249745e-01
1.428102270363247883e-01
3.224129206895144373e-01
-1.253132534868701686e-01
-3.714945344115991310e-02
4.575217662688126907e-01
4.889348872298680537e-01
-3.781748203687202992e-01
-3.028066090129205579e-01
4.290831848438367291e-02
-1.699584438029478825e-02
2.324428600245277976e-01
-2.220702783999047580e-01
2.715980798988184564e-01
2.091133515360993622e-01
-3.642673928156279772e-01
3.177763129765419081e-01
5.409184635029310462e-01
4.577510685141371050e-01
-2.187620072131887250e-01
-2.786141485639301862e-01
3.373890993915685810e-01
-8.680745494721159305e-02
3.087124137417062708e-01
-1.760489324743631234e-01
-7.249333583631307754e-01
-3.673024961725414039e-01
1.462090763900983637e-01
4.516704905523269420e-01
2.761654659822963542e-01
-3.409690757933973027e-01
2.768314062193419356e-01
-3.301970381648908770e-01
4.132062355214994459e-02
-2.934890714231508380e-01
1.370969956038243232e-01
-2.307941185654238669e-01
-4.718497766823311901e-01
3.033305858675685029e-01
-5.760929267281226229e-01
-1.060045732405150987e-01
4.637083438897331433e-01
-3.101691463974711738e-01
1.387757976357779227e-02
-4.912061383961197070e-01
-6.753802486391389248e-01
-3.657554654236660485e-01
6.221981930809667993e-01
8.283453890250339069e-02
1.796691932650691659e-01
8.794787662933645223e-02
3.961395422320751480e-01
1.156992474646583169e-01
2.322373772341936871e-01
-1.665072062654126273e-01
-4.254311269857150579e-01
-1.974882011256026970e-01
4.171504459365877465e-02
-5.188398041950815776e-01
1.253470501623905331e-01
-6.932342337716056180e-02
1.541095325900554425e-01
-5.087822950330580518e-01
1.225996671654162699e-02
-2.756501789942816250e-01
1.895495862779401353e-01
1.435887867293610398e-01
-5.502795128151672932e-01
3.845935233077192317e-01
-5.110871363683667790e-01
-1.693149713656781075e-01
-1.094069088728057831e-01
-4.370748705878699236e-01
-2.929212317156476564e-02
-4.426255670627418093e-01
5.175510046614003601e-01
-3.230569769649364043e-01
5.213572345601699132e-01
-4.766287538053597950e-01
-3.313292268225540571e-01
9.012529986480660726e-02
2.817881061073673754e-01
-2.623401008475459081e-02
1.132643903852219580e-01
-6.264376284435094200e-02
1.752358089729396662e-01
-3.944854008954116753e-01
1.688709608717336164e-01
2.390613605575667155e-01
-1.665991668524914315e-01
-8.839051053387925183e-02
3.000388758097187747e-01
-2.881004506094793083e-01
-3.576914736887065738e-04
-3.825930617290026481e-01
2.415805351399250012e-01
-2.047533641176940422e-01
1.714299006215028870e-02
-5.152939096949154391e-02
-3.183998579602205781e-01
1.310055511817023177e-01
-3.896510632608465308e-01
-4.662513736244515705e-01
4.349913378340305656e-03
-1.942854703900606106e-01
-2.359422463760887934e-01
-3.587640809904124595e-01
-3.406087406419956443e-01
-3.009553463919480976e-01
3.577489429122842485e-02
1.898937212398419117e-01
-3.357932256190163112e-01
-3.698450853813609052e-01
4.570764945385032418e-01
1.171486270810790237e-01
-5.396222553598829796e-02
-7.172235562070014558e-02
3.235650334388940896e-01
-5.658937945378144097e-01
2.497424264189568865e-01
4.975775079345102214e-01
-4.448373693249627059e-01
7.798730518412344548e-02
-5.058082944152799548e-02
-8.238961066773876907e-02
-2.270104063632840397e-01
4.169603198259659860e-01
3.361350760114672487e-01
-8.545153346611743250e-02
6.692081539489566078e-01
1.578225468553059174e-01
3.774758077602998751e-01
1.215575615203261933e-01
3.662619945849175385e-01
-1.336158363802207594e-01
-6.295106731139445966e-01
-1.079201785780202344e-01
4.000542090905293557e-01
2.246369125078246098e-01
5.510495619822044500e-01
1.975744461867814661e-01
4.137720469535798862e-01
-1.834919042638360337e-02
-4.798412556139056706e-01
1.704155571551715931e-01
6.144609062399625232e-01
8.854715314698245743e-02
-2.396047695996180726e-01
5.052622922583662746e-01
2.299585872971959544e-01
-1.924443231772838547e-01
3.370411681245864127e-02
5.622321659094738078e-02
-3.395979320253249001e-01
-2.007607470729598498e-01
3.567792182777075882e-01
7.829047051031660237e-03
5.492095368770223418e-01
-3.089301018197114224e-01
3.892341012612249851e-01
-2.866951610659341232e-01
2.248503405035956818e-03
2.488975748919445563e-01
2.437048242426111955e-01
-6.775557086928485351e-02
2.816371878230067849e-01
-1.825640421288554360e-01
-5.130805773418015692e-01
-3.340353485047408144e-01
1.435784182656690833e-01
9.881547003984000876e-02
-1.731794707435529712e-01
-2.638063652113274982e-01
5.664895338924068324e-02
3.508605310239371611e-01
-1.685797776484858346e-01
9.689099912759116529e-02
3.180985938031956062e-01
-1.134233920887451896e-01
6.833003326852594983e-02
-1.453158968382324001e-01
3.085215019643205436e-01
-3.584694210766296019e-01
-1.819557596032805313e-01
-8.116213709066572024e-02
1.168879952366127101e-01
-3.490936610316416194e-02
2.400145951973182978e-01
1.504077090616632029e-01
1.512398493123025267e-01
4.155502893762073602e-01
2.440943552299107422e-01
2.345044985685882655e-01
5.959578010541266568e-01
-3.483127167496574139e-01
-1.570652745445697343e-02
3.554023093026524860e-01
-3.160638998806272193e-01
-1.481188755096920495e-01
9.490044244253459382e-02
-1.390251693244871078e-01
5.134846168991400450e-01
-2.767632424951596212e-02
1.350404462208043381e-02
-3.977619484988922927e-02
-4.651637187154147868e-01
6.528867678885966197e-02
3.076332636637130746e-01
-4.167075618049635999e-01
-9.504436590655668260e-02
1.420695781347560693e-01
2.362633164135259090e-01
2.812290569656308512e-03
8.857397829887915519e-02
-2.832313682956041911e-02
3.176513521312744892e-01
6.109758234434916613e-01
-4.049591400263671814e-01
1.945512985248797344e-01
-5.865804646660703892e-01
-1.212037091823091675e-03
-7.707815786645356992e-02
-2.989545809552633937e-01
-4.547880490178647928e-01
-1.735485846620409001e-01
-1.976939576658971742e-01
2.623482927751004667e-01
1.617026976734453891e-01
5.489507128218644727e-01
-6.972448436052890441e-01
-2.412253035991960559e-01
5.036104414382493177e-02
1.869275523423340191e-01
2.487848371995603214e-01
-2.585923814609866200e-01
3.473648734117785741e-01
2.206703765616132851e-01
6.773030242259614475e-02
-3.967341214467554611e-01
4.606081852556834777e-01
-6.332763194997202971e-01
4.838386469124291156e-01
1.167221865002144449e-01
3.517407461450638984e-01
-2.351230041510800617e-01
-1.684987480462052656e-01
-3.554253071167195466e-01
2.914973981459201280e-01
-3.900825434185605234e-01
-2.932125728791262070e-02
-6.597885815063223025e-02
-9.556799111769213873e-02
-5.726448481747530711e-02
2.769993169492429019e-01
-5.034123487209140047e-01
-2.525355703059066204e-01
-7.875055641392252059e-02
5.079033622199793374e-01
-1.245040739747464882e-02
4.346496190536845439e-01
3.353507475919015324e-01
1.935041184018397586e-01
-4.220017319706695913e-01
-1.533845636959182968e-01
3.199912521494787665e-01
-4.241210775306981651e-01
-5.356849993658461262e-01
5.299209597574898734e-01
-3.422268404884694637e-01
4.152208365815391877e-01
1.807281731045276840e-01
1.908076283546385199e-01
5.628077012999409545e-01
2.176410267521307618e-01
-1.819147939474590747e-01
5.793182722028803952e-03
-5.594058139471860258e-01
4.916479570503792806e-01
3.162593156895470714e-01
-3.130199234605733349e-01
-2.608644737639780886e-01
2.375957253072907560e-01
-2.987710743405400660e-01
-5.873448454956020637e-01
3.183429761131220670e-01
-2.918199945896892133e-01
2.920839949170906946e-01
7.834915333762615397e-02
-4.478838566412846056e-01
2.298726633164846767e-01
5.837494095683491979e-01
-1.336006407023663245e-01
1.649465702174552906e-01
4.042870860690644941e-01
3.768073582901704244e-01
3.031232226435065513e-01
-6.056158329409581931e-02
8.512528741488556427e-03
4.263072826728950271e-01
-3.774299861302566339e-01
2.028087457309813435e-01
4.781148154661093996e-01
-1.246418901643358834e-01
-7.009107066694716948e-02
2.150531093666613880e-01
4.286990646645674197e-01
-1.805984288163981766e-01
1.785222011568597666e-01
-1.436790799415905706e-01
-3.676106566124709429e-01
-4.170051117351521452e-01
3.253005936458135822e-02
2.693647752136877904e-01
-1.843220443536766340e-01
-5.691312244407072951e-01
6.324849343533612833e-01
5.325347568001402854e-01
-3.673090037234372218e-03
-2.610644684951937133e-01
-6.260232431930694286e-02
3.900459800405012278e-01
-4.994037571380757767e-01
-1.919436781761605648e-01
2.763548916708269965e-01
2.556923458291416873e-01
3.907083855567604069e-01
7.063083825446390962e-02
2.193912248934035691e-01
2.893153847434456472e-01
-3.596610725417643817e-01
1.642379101054905755e-01
2.447744651993117027e-01
4.095184689077704943e-02
-5.576280626076666191e-01
-7.535535871451262691e-02
1.723442213861493544e-01
6.153012277019099807e-01
-4.492710102637704206e-01
3.285779900143260823e-01
3.101733016370713525e-01
4.493118028224283300e-01
-3.929902044637704206e-01
3.599457979188429579e-01
-3.485078674116134922e-01
4.554672270430952241e-01
-2.726863136181935099e-01
-4.054126941724157662e-01
-3.016479779887289991e-01
-2.422359869078330452e-02
-1.216718605028954160e-02
2.216908351224598783e-01
2.989229085981225387e-01
-6.325041440797823933e-01
-1.911171056172566718e-01
-1.245350538446835659e-01
5.460771265422211806e-01
4.003598148596977935e-01
-6.862753472595704007e-01
2.532216527069772738e-01
-3.446150738905628397e-01
4.448569140909241493e-01
4.340002724384900423e-01
4.313538280648998025e-01
-4.501401292474475069e-01
-1.850853214617198261e-01
-3.702139976084330431e-01
-4.975414574081572505e-01
2.168714986279072776e-01
-2.117681780261157498e-01
-4.462464770542141079e-01
8.582931701606448527e-02
5.994433332933629677e-02
-3.708700758120729302e-01
5.277730044736534953e-01
-2.618625742304711013e-01
3.035539463731219412e-01
-3.663340524271472831e-01
3.217939530408900350e-02
2.332106841290763066e-01
-4.755816647608825387e-01
1.146176975777065260e-01
1.312485725259162350e-01
1.155829215041919988e-01
-9.626886889532502989e-02
-2.147717061712363928e-01
2.344780502507487208e-01
2.194729658768161951e-01
2.629298888519277511e-01
1.073312130103586115e-01
2.986099520840222454e-01
-1.150350924392785912e-01
2.103024012339561322e-01
1.625751136319072282e-02
5.738095656195718597e-01
-2.464496974288785114e-03
1.151028955140006582e-01
6.160418063523205312e-01
-7.346120925836269189e-02
2.965438339876838580e-01
-1.280444865305284119e-01
1.605106073753512497e-01
-3.581332829415801444e-01
3.645053642065597677e-01
4.138430884289014400e-01
3.438962012788109868e-01
3.583971520490918383e-01
2.467653084440831202e-01
6.171789738190068819e-01
-3.135311155392878080e-01
9.999612469638726950e-03
-4.680590540610743422e-01
3.805442148238724065e-01
-2.001200171990789034e-01
-1.304202125785624000e-01
3.396880110126525021e-01
-6.047101954322746664e-01
1.186553610447857454e-01
2.465662519700341226e-01
2.542531576352032308e-01
3.761256666905159474e-01
4.004602536048312289e-01
-3.984688649247906111e-01
-1.358445716155530780e-01
2.991706642500239766e-01
3.679621245908869520e-01
2.484535254518394909e-01
-1.859596836408234366e-01
-4.966223518699704187e-02
-1.793881429028990615e-01
-1.985524793276400024e-01
2.023050328773413065e-01
5.261537025737081930e-01
-1.092692708166753540e-01
1.895310258101395029e-01
3.349279004091071932e-01
5.533303464504515379e-01
-1.693898552525218981e-01
3.400180000064416674e-01
1.139256447899397034e-01
2.534818334508266435e-01
1.107452260579293302e-01
-5.012878967743972236e-01
-6.056782731936903863e-01
-8.029954132292080327e-02
2.635144771986826506e-01
-2.893886269234173247e-01
5.240172514599225617e-02
-4.006004844463061931e-01
-2.701308267368997956e-02
-2.038777345790939721e-01
3.333207485658508662e-01
-1.277382965749773447e-01
9.739680764901399723e-02
7.902782406870753618e-02
-1.950664621729997772e-01
3.409202799105351400e-01
-1.706277047107723766e-02
4.611218408493260035e-01
6.852508621920957443e-01
-4.210375251706224842e-01
1.856071789195952726e-01
-7.669933712529272696e-02
4.720348586539752089e-01
-1.760188513689734946e-01
2.143108162224085234e-01
-8.155711156576729570e-02
8.788224394399686557e-02
2.999631689045712535e-01
-4.501806126605084613e-01
5.653142208139930736e-01
1.165772774774131992e-01
2.112260526115442849e-01
2.746613016562196585e-01
9.042226288466469197e-02
-3.131232393788890844e-01
-5.026918670179282289e-01
-6.207575308366496403e-01
4.588091659899627417e-01
-5.724898896500554279e-01
-2.874088663614554062e-01
-4.920682785891549726e-01
-3.555235071083197584e-01
-7.081509746234056213e-02
3.657376597291286946e-01
-1.419623398906894873e-01
-1.692702920156840540e-01
-5.029291977658456592e-01
4.087519737510763029e-01
-3.190016661982085777e-01
-3.932611201462127282e-01
4.607625497120544367e-01
-2.430611166097655651e-01
3.439346537925541125e-01
-4.160358843274583052e-01
4.567415814310042399e-01
3.442287191828125592e-01
-1.777165266725360196e-02
1.196867024642022381e-01
3.960573010470040956e-01
5.169612109646286591e-01
-9.044300548913718207e-02
1.179057926950823898e-01
-4.574886513182133685e-01
-5.179718108495874329e-01
-3.468803970047156793e-01
8.070607007409290670e-03
-5.602387790749577823e-01
2.963060989007054724e-01
4.744008643813726889e-01
2.420441554207753143e-01
5.401453408553388291e-01
4.225458572392525314e-01
-3.336208650085131788e-01
1.507954589960175951e-01
5.139124933764944725e-01
1.888402111853127729e-01
-2.043057686505858062e-01
-1.822911684253663567e-01
1.228415673512284062e-01
-2.284144864062851721e-01
1.992926944040424864e-01
-1.594432984497173300e-01
-3.626458197646725834e-01
2.226598232588402337e-01
1.667408545387751018e-01
3.033841560263946802e-01
3.195485738182718416e-01
1.379924999860826229e-01
-3.223320671199376292e-02
1.959134024339020258e-02
2.103843206555833512e-01
-3.458545632255550784e-01
-4.076145172770876957e-01
4.132873922445446935e-01
3.096273508933164442e-01
7.671568554853756827e-02
5.063429876307283806e-01
-6.228278153289293351e-02
-6.358892018439729621e-02
-8.799246129756783941e-02
-5.981268685574945287e-01
-3.651804213859490833e-01
-5.751598197845704252e-01
-3.483773521975416232e-01
1.501263648778048410e-01
4.452844615564864883e-01
1.810578067233634680e-01
-4.043607934897106571e-01
-2.976549066772680163e-01
5.339549647099037233e-02
4.392778964283590160e-01
-7.726323377335149456e-02
2.511073136539388462e-01
2.794162519646038456e-01
-4.397116175347927647e-01
8.204319480067528980e-02
4.169253312413265800e-01
4.517646051702601251e-01
-4.979594997344692353e-01
-4.349559166512725339e-01
-2.694314133327860850e-01
6.075573302848884943e-02
-3.774849458914300571e-01
4.640689180262051461e-01
1.131636950670143749e-01
4.864262550248001915e-01
-6.293645455943619460e-01
-3.142563454311798066e-01
3.670833812916955430e-01
6.053726017376090951e-01
-4.905165370013617743e-01
3.403791433782561437e-01
2.807203263089542711e-01
-1.189687186616554260e-01
-5.194186280943576504e-03
4.057713284762669015e-01
9.850218061044416218e-02
2.592328782060160375e-01
-2.204858980831987114e-01
4.163426243253907921e-02
-4.612543235220626925e-01
-1.951872183566522867e-01
-5.419272568262644141e-01
1.468989971300437569e-01
1.569078496543220291e-01
-1.546844280906199687e-01
8.573897717465307766e-02
-3.593545540226302792e-01
-2.226621813570377473e-01
3.090843136070779429e-01
-4.527973041997711556e-01
2.705870929149901682e-01
-4.087047925655180047e-01
1.798749294438516388e-01
-2.404401726541998408e-01
1.989346877767672606e-02
-4.210874702057788577e-01
-1.164936944711911400e-02
1.679311787260467925e-01
2.115810526373940459e-01
-8.388585479338001027e-02
-3.466136810632776677e-01
5.245474623985044160e-02
4.388176305222298013e-02
-3.395171413761283175e-01
1.170307602139377956e-01
4.591542329646765563e-01
-1.292554362787621258e-01
-5.214631333395141483e-02
2.040161478690934449e-01
3.246491299417441634e-01
-3.436364542783806320e-01
1.376132979297743919e-01
6.640446362111591949e-02
2.125368981912225952e-01
2.055272302797218897e-01
-1.406362866608710516e-01
3.326648844550232353e-01
5.584314880559051453e-01
-8.180301785915812529e-02
-3.581018277520022219e-01
-1.929808769604614282e-01
3.417520228516884306e-01
-2.430643607869903688e-01
4.085754229607835297e-01
6.508695960331961627e-01
3.837224029680831316e-01
1.612713168981102507e-01
-2.694340852069522230e-01
-6.410102007180906031e-03
-9.780560420650322162e-02
-4.386686994860553024e-01
-4.519331504545384681e-02
5.635097021836224518e-02
-1.227437120177340794e-02
2.425585698529919010e-01
-1.529299588374357088e-01
-2.405857319446709219e-01
-1.780432055948454051e-01
3.832583235445220504e-01
-2.689862876386082680e-01
2.427962289507685223e-01
3.136793959952369204e-02
-2.207179311850357983e-01
-2.186593456145590197e-01
-1.764706042093870941e-01
2.256671493562480979e-01
-1.667947829883363597e-01
3.162116988419755303e-01
-6.157482889089447298e-01
-5.235307753399114361e-01
-4.009456316791797370e-01
-1.164814421245349146e-02
3.663926264685702927e-01
2.578667797455302946e-01
2.837277971572994550e-01
1.017340616182072499e-01
-1.378717719291688848e-01
-4.326855875826807890e-02
2.872575075131592048e-01
-2.040391119090813055e-01
-5.563290881389367781e-01
2.628267175040513437e-01
-2.509877370653642026e-01
-1.050276175089857322e-01
3.565167021536504444e-01
2.157910650201838032e-01
-4.778105352089145885e-01
2.890186182434203999e-01
-2.637533075298682458e-02
-3.208932389531640728e-01
2.164230553203853880e-01
5.984722570852716445e-02
-2.597244888841702681e-01
-7.272256513509095521e-02
2.458893106482880897e-01
2.987609452030662860e-01
4.749918340010444440e-01
-1.555818171568020686e-02
-4.334267745673225924e-01
2.542311624419268390e-01
-3.817110194622049257e-01
3.555033629942653262e-01
-3.985472611017135125e-01
2.671885890754618353e-01
4.853038650772833681e-03
2.235196512379829803e-01
4.248332233638675293e-01
-2.031076951630751415e-01
-2.995215897140897643e-01
-1.299728768260172418e-01
-2.529357616605484860e-01
-3.527470180697522273e-01
3.453383308352540038e-01
-3.426871446158918366e-01
-2.130696036099264667e-01
-2.531066264289188461e-01
-5.085966589220258793e-01
-3.315361930941363999e-01
4.847087611727639023e-01
2.748980672733301600e-01
-5.660721592645706624e-01
3.363956938577873923e-01
-1.558591417807470535e-02
-7.158793327861007194e-02
-6.593551690664219145e-02
6.326854669858736901e-01
2.655388060678365303e-01
2.907997197721098881e-01
4.931619618334366906e-01
-3.248143411090495536e-01
3.677622883870965698e-01
3.525970841646363096e-01
1.700368297793750649e-01
4.801488203495439706e-03
1.058515252470510204e-01
6.197868672484425634e-01
7.134812660708497734e-02
1.363328070439306650e-01
3.699802715238305340e-02
1.151940948662717040e-01
-5.612809788989026050e-01
-2.180818109906403346e-01
-3.340892911015653222e-01
4.137086029460558534e-02
-5.687688352219381072e-01
-4.618338712295806392e-01
-1.151264670285549740e-01
7.764936232887761913e-02
-3.127565656213162487e-02
-1.361027829993924354e-01
-1.550164671055691001e-01
1.751045629591351793e-01
-5.072810642358898114e-01
4.832946170528973906e-01
-1.441262552120308946e-02
-2.574050410328037053e-01
-1.036849256151297916e-01
2.819091559258100066e-01
-1.315833821231031098e-01
-2.247473673790921500e-02
-4.196556710659853917e-01
3.321068003486162268e-01
-3.398931109591697974e-01
-2.024351002354346785e-01
5.772349659459146132e-01
-1.558157718779171474e-01
-5.811317152403795427e-01
4.659236486983803771e-01
-1.387331020882055510e-01
1.441442653117413764e-01
-2.303212487460919722e-01
-8.988391761525973966e-02
-1.289856064433292371e-01
-1.711959756112539643e-02
-1.202445726186024411e-01
-5.889480904721905441e-02
-3.262805935772317700e-01
2.396120780667563288e-01
2.868885079375612657e-01
3.183889139107092259e-01
-5.100894216397802161e-01
-4.919444333232935174e-01
9.595112100902002117e-02
2.798729327973693004e-01
-3.574151415335447002e-01
-2.503128794602508256e-01
-2.902192795272173220e-01
-5.444537802058130316e-01
-3.687366576445181843e-01
-5.292647313294598921e-02
-1.094930852999786708e-01
5.666137659919221470e-01
4.149438946105453718e-01
2.811387103035333235e-01
-2.117564478477844125e-01
-1.927370023776138752e-01
-1.725715880640491529e-01
2.354841674888538683e-01
5.385317778833168534e-01
-3.482293090866676877e-02
4.418958615659810962e-01
5.009066381286411129e-01
-3.074008640193105490e-01
-4.474679243124117245e-01
-7.793281983357593090e-02
4.634188909261587330e-01
7.710695772386821911e-02
3.149090088447173419e-01
-2.870258267116164719e-01
-1.654128200894975365e-01
6.676230816468635421e-02
1.306919350713445505e-01
-2.726749249113883389e-01
2.678818917418394202e-02
-1.620392437179501710e-01
6.560244068673429241e-02
-2.482501875154038973e-01
-2.769479243400756185e-02
5.221358863443464199e-02
-3.278393191787535299e-01
-4.801397158566986789e-01
-1.185830655055229998e-01
2.566087378995335899e-01
-4.525939286405095130e-01
-2.333088282405201275e-01
-7.882589690926851411e-02
2.689495042591505403e-01
-2.580726326122299574e-01
-1.624004294671431703e-01
-1.238847300399665285e-01
-5.542875667183372324e-01
2.564535420237719632e-01
-4.214441891906922644e-01
-6.490137920157609819e-02
1.577261446480836271e-01
-4.335833816781575756e-01
-2.341854098873063228e-01
3.725072682248953826e-01
-2.225568206666293514e-01
-4.000869319357235748e-02
-5.320225467745457459e-01
8.686633465508034058e-02
5.269115482461259603e-01
-2.754907728172947823e-02
-2.595664280047830785e-01
1.614853923230642058e-02
-9.444652681603545041e-02
1.768238662586532339e-01
1.992026755919588388e-01
-1.999653580509804240e-01
3.045251093006411947e-01
-9.677373267331869713e-03
-6.892940661327845442e-02
5.448852328626432318e-01
-2.865287291559060479e-01
6.188267295821010816e-02
-3.024070919444766248e-01
1.067658038449889948e-02
2.698885308649153769e-01
6.973059231785411205e-02
1.675178025288011074e-01
2.959328939376313361e-01
-1.322313127701628954e-01
1.958357836354073789e-01
9.385731513323140873e-02
-3.903930433075502582e-01
3.554392031402823227e-01
7.865609791701047571e-02
5.025303557832629942e-01
2.770553379969322161e-01
-2.127635896306644125e-02
-1.863328089622241779e-01
-5.079614685744477942e-01
-3.956436473185805935e-01
4.577490899483771525e-01
-2.841082421680889425e-01
-4.290152827566323657e-01
2.048963450352080662e-01
-2.240770363958902722e-01
-1.541762210638803476e-01
8.281098582761431404e-02
4.524935103108119194e-01
-2.394806347958353399e-01
3.066740465149912498e-01
1.344098266683308937e-02
-1.301324200962428457e-01
-6.606299671095727799e-02
-2.142177124328808469e-01
2.745350677593287880e-01
-1.021099455833689995e-01
-2.735410457781686788e-01
4.157967359493292547e-01
-1.039002276644614142e-01
9.015232302820676280e-02
2.474985140483212387e-01
4.580808645106680677e-02
-2.114569156117023507e-01
6.308096159092071442e-01
4.380734257851354174e-02
-1.700310196403658769e-01
2.484567029478217393e-01
-1.710499453848057239e-01
2.662017871932656488e-01
1.511787134029130841e-01
-2.274043711199877638e-01
-7.140582444200947732e-02
-5.499696747260605090e-01
8.997407049168029691e-02
2.306045993983302789e-01
7.737076479991267242e-02
-6.518455899777515494e-01
-1.298617388922907734e-01
3.764308702581829480e-01
-1.505641196401265834e-02
1.926637064365758767e-01
3.395712540093487886e-01
3.219137791083011013e-01
-1.736645513820027076e-01
3.112073002671428279e-01
3.337912025711939346e-01
1.502253919904735779e-01
2.896077420475347552e-01
-1.818013993987704080e-01
7.743302690436296154e-02
-4.456249344230746312e-02
-5.107530320427991488e-02
-4.297887008741388404e-01
-3.364738083266215485e-01
-1.567923280046359946e-01
2.824097207835076229e-01
1.966637415514964071e-01
1.124664431864680347e-01
-1.393653702916259826e-03
1.470335577901495661e-01
2.878651228452293598e-01
4.020292520299481587e-01
3.245579951886943260e-01
-2.262219341887889423e-01
4.763113186963507384e-01
2.673082608754486778e-01
-5.319565637141034919e-01
-1.403016774688996271e-01
5.828715929229579679e-02
1.635458778325531992e-01
8.363611121811034832e-02
-4.362891033210914565e-02
2.325430975632442054e-01
-1.651187892615873232e-01
3.230966033420312744e-01
-2.130325922341473333e-01
-2.294643606907826316e-01
-3.684273568645731189e-01
-9.815399220176299067e-02
-3.014444523237142515e-01
2.819719118400024760e-01
-3.086349303514444031e-01
-3.508985547776007907e-01
-1.807116678225210160e-01
3.439929161407027092e-01
-6.934609200553341901e-02
1.200496006679253880e-01
7.817153550637379739e-03
-5.801109971205002935e-01
-1.227461749874179109e-01
1.547844437416889540e-01
-3.971480201327502457e-01
3.201487993230604512e-01
-2.481687518562817052e-01
3.169822202050397442e-01
-2.189417465984842270e-01
-1.383345820921737801e-01
-3.391836641655659457e-01
1.570298716752304147e-01
1.333934037236020054e-01
2.224719826620856211e-01
-4.546135936141220135e-01
1.237611615313611718e-01
6.581877183530118192e-01
2.523207287931344966e-01
2.235687854626158266e-01
2.392665716143679289e-01
5.389123787987516456e-01
-5.591029265199765064e-01
-8.346572525737538939e-02
1.486599399459262449e-01
-4.105344755341720497e-01
1.596605879236350778e-01
9.989121032464592931e-02
6.498363963701013490e-02
5.420843731254283426e-01
-4.983227623002073892e-01
1.038389683777950212e-01
4.321496691098478671e-01
-3.457137311459997780e-02
-3.940309876043344706e-01
2.391770791634541954e-02
-6.036863204765208213e-02
-4.658626596983115875e-01
-1.142180733371179618e-01
-2.912503494043475194e-01
-3.371117870242568149e-01
-2.833843190053511596e-01
1.226285449830855218e-01
-2.800292856326877522e-01
-4.109562326822962519e-01
-2.372189376218673262e-01
-3.973800403687990923e-01
2.158045626293949026e-01
5.508618664336684123e-01
-2.684021168843801486e-01
-4.412099436370022776e-01
3.944207233004612956e-01
-1.422182680478358274e-01
5.787426968838126351e-01
3.236716980627762363e-01
-1.892420980193746938e-01
-4.231730151291276942e-02
1.361706362186609065e-01
5.202093139956130985e-01
7.187585189258938190e-02
-1.779836984700429448e-01
2.614414557916774351e-01
-1.054071615170781989e-01
-6.640702853972767217e-02
-9.279406220705946340e-02
-2.116827590015047389e-01
3.602889823230926991e-01
-3.444459707581474794e-01
1.730496347945508773e-01
4.935617495763238161e-01
1.039365608419066667e-01
1.113451456699721814e-01
-3.866052522611109765e-01
9.399388762826751953e-02
3.245077141603662230e-01
-1.598404038766954027e-02
2.022531953138396732e-01
-3.891090314234620373e-01
5.653667074492423061e-02
3.298209075535645241e-01
-3.310927286588661311e-01
2.856467294313022598e-01
3.618242976471308658e-01
-3.174884302521773227e-01
-4.468572948755702989e-01
-4.276933004051498011e-01
2.131445567315096157e-01
-1.358951857575706745e-01
6.847322742600091550e-01
1.621856688647084210e-01
2.999663916959956211e-02
-1.357354688431033074e-01
2.861532190594003877e-01
-3.371564574522614155e-01
3.528662639630383291e-01
-4.409244920223178571e-02
-2.839694631182934637e-01
1.604253057441645536e-01
2.260205920646068956e-01
-8.403203267578851499e-02
1.096033858200566313e-01
1.536611840709888044e-02
-3.731187158754139532e-01
4.500411061998514650e-02
-5.376990862041395314e-01
3.156210233060202652e-01
-1.611856563243831975e-01
-2.557983076050577842e-01
2.708139071624078298e-01
-3.921131430158781295e-01
1.627917294217506861e-01
-2.244851234049874134e-01
-6.268477546599924288e-01
-1.384358397584164457e-01
1.170362077568925380e-01
4.409685285459913895e-01
3.766775365540382947e-01
-3.411993631400509486e-01
-1.914577325792954712e-02
-5.892878041208866602e-01
-2.131349093468850875e-01
-3.965096683230532881e-01
5.865968581121262515e-01
2.292457181213167494e-01
-9.365088622138391383e-02
7.022738202957085063e-02
1.467814728367194121e-01
-2.922922176196893762e-01
2.006552768160584643e-01
-1.948305903983635901e-01
-6.347159463031082360e-01
2.483778279419466550e-01
-1.877913141575206502e-01
-1.742252030590665246e-01
-2.059122841839296919e-02
2.817522427199482538e-01
-9.495390903832640062e-02
2.253909707471005164e-01
2.919381817726230399e-01
-3.791764546516486201e-01
5.333753900638023293e-02
2.249442237325142702e-01
1.221710234969189679e-01
-2.019885575804575284e-01
-1.347379665626966538e-01
-3.015746104886731227e-01
1.315057517847160740e-01
-2.929908614954944146e-01
-4.719179250157414796e-01
-6.906661868998982545e-02
-4.189335587757324619e-01
-5.046074600309781166e-01
6.753754770914928152e-01
-2.175334524833721916e-02
4.315370296853224819e-01
-3.874247027834788470e-01
-4.632096035586443228e-01
2.324384377782587052e-01
-2.178242082249273182e-01
2.950239626650691949e-01
-4.037192317357914395e-01
5.128990324631541586e-01
-3.895078753712232777e-01
3.368418341233031521e-01
-1.734792454706047815e-01
3.280654980307531193e-02
-2.692044642908565377e-01
4.083950836088822145e-01
2.445115037532263891e-01
5.112185607916228808e-02
-2.332034976937436277e-01
4.803268101054765649e-01
9.508264824333074669e-03
3.229788252939759796e-01
1.188129730492575031e-01
5.418050931342465182e-01
-1.104854727681778281e-01
4.827853941682007377e-02
-3.626602495396146209e-01
-3.979024702958480764e-01
3.777195412567819766e-01
3.825999451322069644e-01
2.095186189617227052e-02
3.601729673795920350e-01
-1.292557623154619029e-01
1.986110285989929336e-01
-1.178269298163329565e-01
-8.905866751757612887e-04
-2.944412852801199243e-01
-3.822448700204391092e-01
-2.263021681771041071e-01
3.280518249135134790e-01
-3.073352557518090333e-01
2.539315287962351508e-01
3.062147752724852512e-01
-3.269022658671738024e-01
-9.082763931558229809e-02
2.057408005527270878e-01
5.034007696776827689e-01
-1.414127526090409592e-01
1.025859863988343723e-01
3.523124694574959470e-01
-7.859342153967134592e-02
-2.985378778925245613e-01
3.357981210233974001e-01
3.872495258807482355e-01
-3.117709538646520895e-01
2.055739198750577701e-01
-2.794474696915783679e-02
3.109688476645514066e-02
-3.874524395590639436e-01
-4.288417835131420053e-01
-3.331442725691525220e-01
-8.618873590664682949e-02
3.265514661638789229e-01
-2.515437440657363188e-01
2.896696198159584568e-01
6.222339345037758429e-02
-4.945327342829928807e-01
1.030612943255358321e-01
-1.051938343956266980e-01
-8.904573693148316871e-02
2.011059130985741461e-02
1.135772066076859849e-01
3.639798755638249395e-01
1.611712057921113050e-01
-3.285510170081674675e-01
3.532815244747496142e-02
-3.815073152425953462e-01
-1.620560918157783747e-01
1.262726956819005264e-01
2.854838258162049613e-01
2.934416904812988530e-02
1.775769722877358903e-01
3.109741780653097476e-01
-2.011570162025240749e-01
-2.540925331294912604e-01
2.209468949758752465e-01
-3.334493134961297178e-01
-3.758417379989736351e-01
-1.779388669006864154e-01
1.732027133442543554e-01
-8.423629146888933494e-02
-7.243782195334726171e-02
